#$Id: all_rois_LUT.txt,v 1.38.2.1 2007/08/20 01:52:07 nicks Exp $
#No. Label Name:           R   G   B   A
1   V1v                    0	114	189 0
2   V1d                   217	83	25 0
3   V2v                    237	177	32 0
4   V2d                    126	47	142 0
5   V3v                    119	172	48 0
6   V3d                    77	190	238 0
7   hV4                    162	20	47 0
8   V01                    0	114	189 0
9   V02                    217	83	25 0
10  PHC1                   237	177	32 0
11  PHC2                   126	47	142 0
12  TO2                    119	172	48 0
13  TO1                    77	190	238 0
14  LO2                    162	20	47 0
15  LO1                    0	114	189 0
16  V3B                    217	83	25 0
17  V3A                    237	177	32 0
18  IPS0                   126	47	142 0
19  IPS1                   119	172	48 0
20  IPS2                   77	190	238 0
21  IPS3                   162	20	47 0
22  IPS4                   0	114	189 0
23  IPS5                   217	83	25 0
24  SPL1                   237	177	32 0
25  FEF                    126	47	142 0
26  OFA                    119	172	48 0
27  FFA                    77	190	238 0
28  STS                    162	20	47  0
29  aIT                    0	114	189  0
