#$Id: wang2015_LUT.txt,v 1.38.2.1 2007/08/20 01:52:07 nicks Exp $
#No. Label Name:           R   G   B   A
1   V1v                    0	0	182 0
2   V1d                    0	0	219 0
3   V2v                    0	0	255 0
4   V2d                    0	109	255 0
5   V3v                    0	73	255 0
6   V3d                    0	146	255 0
7   hV4                    0	182	255 0
8   V01                    0	219	255 0
9   V02                    0	255	255 0
10  PHC1                   36	255	219 0
11  PHC2                   73	255	182 0
12  TO2                    109	255	146 0
13  TO1                    146	255	109 0
14  LO2                    182	255	73 0
15  LO1                    219	255	36 0
16  V3B                    119 159 176 0
17  V3A                    255	255	0 0
18  IPS0                   255	219	0 0
19  IPS1                   255	182	0 0
20  IPS2                   255	146	0 0
21  IPS3                   255	109	0 0
22  IPS4                   255	73	0 0
23  IPS5                   255	36	0 0
24  SPL1                   255	0	0 0
25  FEF                    219	0	0 0
